473 454 close
c 2493.36 -1482.21 45.1479 2495.37 -1482.21 45.1479 2491.35 -1482.21 45.1479 7.45003 0
2485.91 -1482.18 45.1401 7.24107 0
c 2478.67 -1482.17 45.1407 2481.32 -1482.08 45.1475 2476.02 -1482.26 45.1339 8.67404 0
c 2470.02 -1482.73 45.0992 2472.86 -1482.28 45.1277 2467.18 -1483.17 45.0707 8.68261 0
c 2461.61 -1484.84 44.9695 2464.57 -1483.84 45.0062 2458.65 -1485.84 44.9328 10.1343 0
c 2452.26 -1488.74 44.879 2455.15 -1487.51 44.8944 2449.38 -1489.96 44.8636 8.67952 0
c 2444.3 -1492.2 44.8771 2446.92 -1491.04 44.8774 2441.67 -1493.36 44.8768 8.53108 0
c 2436.52 -1495.7 44.8771 2439.36 -1494.42 44.8771 2433.69 -1496.98 44.8771 10.1233 0
c 2427.3 -1499.88 44.8771 2430.05 -1498.66 44.8707 2424.54 -1501.1 44.8835 7.96163 0
c 2419.98 -1503.01 44.9157 2422.21 -1502.11 44.8937 2417.74 -1503.92 44.9379 6.51456 0
c 2413.89 -1505.32 44.9567 2416.28 -1504.5 44.9255 2411.49 -1506.15 44.988 8.68827 0
c 2405.61 -1507.95 44.9537 2408.39 -1507.14 44.9541 2402.84 -1508.76 44.9534 8.68059 0
c 2397.22 -1510.17 44.9545 2400.25 -1509.49 44.9439 2394.19 -1510.84 44.9651 9.97481 0
c 2387.42 -1512.0 45.0175 2390.98 -1511.59 45.0007 2383.86 -1512.41 45.0343 11.5698 0
c 2375.87 -1512.63 45.0553 2379.49 -1512.46 45.0459 2372.26 -1512.79 45.0646 10.1263 0
c 2365.75 -1512.98 45.0736 2369.13 -1512.89 45.0582 2362.37 -1513.07 45.089 10.133 0
c 2355.62 -1513.22 45.1478 2359.0 -1513.16 45.1255 2352.24 -1513.28 45.1701 10.1311 0
c 2345.49 -1513.34 45.2074 2349.11 -1513.32 45.2074 2341.87 -1513.35 45.2074 11.5802 0
c 2333.91 -1513.31 45.2074 2337.75 -1513.35 45.2074 2331.02 -1513.28 45.2074 8.60017 0
c 2325.31 -1513.18 45.2074 2328.18 -1513.24 45.2074 2324.38 -1513.16 45.2074 9.49449 4
c 2315.82 -1512.9 45.2074 2318.07 -1512.98 45.2074 2314.23 -1512.84 45.2074 4.90497 4
c 2310.92 -1512.69 45.2074 2312.62 -1512.77 45.2074 2306.83 -1512.5 45.2074 13.0213 0
c 2297.92 -1511.95 45.2074 2302.01 -1512.23 45.2074 2293.83 -1511.67 45.2074 11.5785 0
c 2286.38 -1511.01 45.2074 2291.95 -1511.47 45.2457 2280.81 -1510.55 45.1691 21.9657 0
c 2264.5 -1509.14 44.9775 2271.33 -1509.3 45.0329 2257.67 -1508.98 44.9221 19.1584 0
c 2245.37 -1510.03 44.8749 2251.91 -1509.66 44.8956 2238.83 -1510.4 44.8541 20.1667 0
c 2225.25 -1511.36 45.1133 2231.73 -1510.79 45.1267 2218.78 -1511.93 45.0999 18.8665 0
c 2206.51 -1513.46 45.0546 2216.17 -1511.86 45.1176 2196.84 -1515.06 44.9916 39.9809 0
c 2167.25 -1520.96 44.3441 2180.16 -1518.07 44.4962 2154.35 -1523.85 44.1922 39.4427 0
c 2129.06 -1530.79 44.1424 2142.19 -1526.95 44.3429 2115.93 -1534.64 43.9418 42.7075 0
c 2088.47 -1544.02 43.1406 2101.6 -1539.51 43.4723 2075.35 -1548.53 42.8091 40.6106 0
c 2050.31 -1557.86 42.1529 2062.92 -1552.7 42.3632 2037.7 -1563.02 41.9426 41.2453 0
c 2012.81 -1574.99 41.8787 2024.81 -1568.63 41.9983 2000.8 -1581.36 41.7589 40.4517 0
c 1978.3 -1596.04 41.4349 1989.39 -1588.28 41.6022 1967.21 -1603.81 41.2675 40.9851 0
c 1946.27 -1621.57 40.8748 1957.47 -1613.98 40.732 1935.06 -1629.16 41.0176 40.5608 0
c 1911.08 -1641.61 42.2918 1923.14 -1635.87 41.8881 1899.02 -1647.35 42.6955 39.898 0
c 1873.91 -1656.01 43.2969 1887.07 -1651.5 42.8864 1860.76 -1660.52 43.7072 43.6782 0
c 1832.13 -1668.64 44.7543 1845.63 -1664.87 44.0919 1818.63 -1672.42 45.4169 40.6094 0
c 1792.93 -1678.64 47.2717 1806.84 -1677.33 46.5213 1779.02 -1679.96 48.0222 44.6154 0
c 1748.65 -1676.54 49.2571 1764.58 -1680.62 48.3494 1732.72 -1672.46 50.1648 56.1748 0
c 1697.35 -1654.17 52.7178 1714.65 -1662.77 51.4253 1680.05 -1645.57 54.0103 60.2374 0
c 1644.87 -1624.94 57.0119 1666.97 -1637.78 54.9711 1622.77 -1612.1 59.0527 93.6952 0
c 1564.72 -1577.11 65.1787 1588.01 -1591.32 62.6504 1541.43 -1562.89 67.7074 70.5809 8 freight_group
c 1505.11 -1539.66 70.1036 1524.41 -1552.63 68.7803 1485.81 -1526.69 71.4269 69.266 0
c 1448.9 -1499.31 73.1184 1464.58 -1510.92 72.3924 1433.22 -1487.7 73.8444 47.9123 0
c 1411.02 -1470.01 74.4595 1423.91 -1480.32 74.1177 1398.13 -1459.7 74.8014 51.1735 0
c 1371.55 -1437.45 75.1695 1385.31 -1449.04 75.0512 1357.79 -1425.86 75.2878 56.7918 0
c 1328.44 -1400.48 75.1695 1341.9 -1411.98 75.1153 1321.34 -1394.41 75.1981 27.7449 0
c 1307.31 -1382.5 75.3375 1314.08 -1388.25 75.2678 1301.25 -1377.36 75.3998 21.6732 1 Station_rho
c 1290.8 -1368.46 75.4947 1295.59 -1372.55 75.4622 1280.67 -1359.8 75.5634 30.5388 0
c 1267.67 -1348.52 75.5816 1275.07 -1354.99 75.5671 1260.27 -1342.05 75.596 28.4348 0
c 1246.4 -1329.65 75.5816 1253.41 -1336.1 75.5816 1239.38 -1323.19 75.5816 28.7594 0
c 1225.6 -1309.79 75.5816 1232.15 -1316.1 75.5816 1219.04 -1303.48 75.5816 25.8196 0
c 1207.07 -1291.81 75.5816 1213.92 -1298.58 75.5951 1200.21 -1285.04 75.5681 32.0049 0
c 1184.48 -1269.14 75.5006 1191.25 -1276.15 75.6534 1177.72 -1262.13 75.348 26.4896 0
c 1166.47 -1249.74 74.6656 1174.3 -1258.66 75.2368 1158.65 -1240.83 74.095 44.8016 0
c 1137.53 -1215.65 72.0751 1148.07 -1229.25 73.0917 1126.99 -1202.05 71.0586 58.7172 0
c 1103.23 -1168.14 68.5664 1114.07 -1184.63 69.4993 1092.39 -1151.65 67.6335 59.9833 0
c 1072.46 -1116.72 66.4776 1083.03 -1136.33 66.8313 1069.57 -1111.36 66.3809 19.7134 0
c 1063.43 -1099.2 66.1702 1066.34 -1105.04 66.266 1060.52 -1093.36 66.0744 19.4543 0
c 1055.02 -1081.66 65.9031 1057.64 -1087.3 65.9777 1052.39 -1076.01 65.8283 17.9105 0
c 1047.69 -1065.32 65.7222 1050.02 -1070.73 65.7634 1045.37 -1059.91 65.681 17.4275 0
c 1041.07 -1049.2 65.6559 1042.81 -1053.73 65.6543 1039.33 -1044.68 65.6575 11.6567 0
c 1037.25 -1038.19 65.7314 1038.47 -1042.07 65.6856 1036.04 -1034.31 65.7771 12.7441 0
c 1033.78 -1025.93 65.9303 1035.02 -1030.59 65.8389 1032.54 -1021.27 66.0217 16.2054 0
c 1029.83 -1010.22 66.28 1031.45 -1015.54 66.1663 1028.21 -1004.89 66.3939 17.0013 0
c 1023.88 -994.308 66.6131 1026.22 -999.649 66.541 1021.53 -988.949 66.6854 18.1085 0
c 1015.77 -978.123 66.713 1018.43 -983.053 66.7032 1013.1 -973.178 66.7228 15.7695 0
c 1008.08 -964.357 66.6721 1012.37 -971.739 66.7066 1003.78 -956.961 66.6376 35.523 0
c 989.992 -933.789 66.5058 996.983 -944.702 66.4683 983.001 -922.876 66.5433 42.2907 0
c 966.133 -898.878 66.8973 974.791 -911.115 66.7757 957.475 -886.642 67.0189 47.8262 0
c 936.929 -861.012 67.2353 946.043 -872.824 66.9087 927.814 -849.2 67.5619 38.575 0
c 913.032 -830.783 68.8566 919.77 -840.201 68.6849 906.293 -821.364 69.0283 31.1728 0
c 897.614 -803.858 68.2653 900.097 -812.316 68.4855 895.131 -795.4 68.0451 24.068 0
c 898.135 -780.036 67.5354 896.979 -788.161 67.639 899.291 -771.911 67.4318 25.7724 0
c 904.547 -755.107 67.6435 902.337 -761.689 67.5871 906.757 -748.525 67.6999 16.1195 0
c 911.396 -740.542 67.874 909.048 -745.365 67.7926 913.744 -735.719 67.9554 16.0954 0
c 918.635 -726.171 68.1319 916.444 -731.068 68.0439 920.826 -721.273 68.22 16.1612 0
c 924.542 -711.157 68.4023 923.277 -716.325 68.3169 925.807 -705.989 68.4877 16.1345 0
c 926.223 -695.161 68.6443 926.392 -700.468 68.5854 926.055 -689.854 68.7031 15.911 0
c 923.601 -679.511 68.7553 925.253 -685.459 68.7078 921.949 -673.563 68.8028 16.3623 0
c 917.311 -664.439 68.9309 918.324 -666.158 68.8993 916.298 -662.721 68.9625 12.4672 0
c 910.043 -654.342 69.2797 913.982 -658.774 69.0741 905.167 -648.855 69.5343 25.662 0
c 888.894 -640.159 70.5516 897.263 -644.034 70.0313 879.46 -635.791 71.1381 30.9729 0
c 859.892 -629.503 72.3742 869.029 -632.382 71.7969 850.124 -626.426 72.9914 30.5827 0
c 829.643 -626.43 74.5104 839.849 -626.891 73.8048 821.835 -626.078 75.0502 23.7087 0
c 806.596 -621.75 75.8049 814.068 -625.185 75.5269 789.356 -613.825 76.4463 64.239 0
c 756.452 -581.955 76.2224 770.984 -594.304 76.1528 741.921 -569.607 76.292 50.4915 0
c 719.407 -547.659 76.2224 729.645 -556.445 76.2224 709.168 -538.873 76.2224 30.6217 0
c 695.02 -529.239 76.2224 703.921 -534.26 76.2224 686.12 -524.218 76.2224 31.3662 0
c 666.004 -517.531 76.2224 675.296 -520.004 76.2224 656.712 -515.058 76.2224 26.9979 0
c 639.268 -514.4 76.2224 649.636 -514.569 76.2224 628.899 -514.231 76.2224 35.5548 0
c 603.793 -516.518 76.2224 616.206 -515.367 76.2224 591.38 -517.669 76.2224 39.3103 0
c 564.788 -521.302 76.2225 580.778 -520.328 76.2225 548.799 -522.275 76.2225 56.9524 0
c 507.857 -522.359 76.2225 529.759 -522.589 76.2225 485.955 -522.13 76.2225 74.5303 0
c 433.378 -519.924 76.2225 454.155 -521.51 75.984 412.6 -518.338 76.4611 50.7584 0
c 383.189 -512.844 77.6535 398.252 -516.288 77.1169 368.127 -509.401 78.19 42.533 0
c 343.003 -499.262 79.4417 355.522 -504.958 78.9337 330.485 -493.566 79.9497 32.945 0
c 314.738 -482.484 80.7014 324.472 -486.78 80.374 305.004 -478.188 81.0289 31.5014 0
c 284.599 -473.486 81.4066 294.534 -476.114 81.1215 274.663 -470.858 81.6917 30.3029 0
c 255.124 -466.715 82.4121 265.976 -470.811 81.903 244.273 -462.62 82.9212 39.953 0
c 219.489 -448.914 84.4614 231.345 -456.457 83.767 207.634 -441.371 85.1557 44.9842 0
c 183.99 -421.459 86.5783 196.313 -428.522 85.8465 171.667 -414.396 87.3101 41.3686 0
c 145.553 -406.535 88.8523 159.752 -411.684 88.3506 131.354 -401.386 89.354 49.418 0
c 98.7971 -390.566 89.5886 107.424 -394.044 89.3851 90.1715 -387.089 89.792 33.0391 0
c 69.6194 -375.174 90.0691 79.1271 -381.379 89.8899 60.1103 -368.968 90.2482 46.9771 8 trains_intersection1_3
c 24.1324 -365.458 90.8891 42.2521 -366.177 90.5664 6.01303 -364.739 91.2118 48.1386 0
c -22.4545 -355.48 92.0092 -7.18436 -363.622 91.4295 -37.7263 -347.337 92.589 55.8427 0
c -63.2043 -317.718 94.3721 -48.0251 -327.972 94.1425 -78.3834 -307.464 94.6017 64.1153 0
c -122.872 -294.94 93.3867 -104.103 -300.325 94.0129 -141.64 -289.556 92.7605 53.0544 0
c -174.891 -286.888 90.6149 -157.125 -285.232 91.4324 -192.657 -288.544 89.7974 55.636 0
c -229.47 -296.94 88.4821 -211.776 -291.486 88.8874 -247.164 -302.393 88.0768 56.4211 0
c -281.055 -319.609 88.1831 -264.109 -311.0 88.1299 -286.926 -322.592 88.2015 47.0426 8 trains3
c -322.992 -340.903 87.2806 -322.687 -340.749 87.2897 -329.542 -344.224 87.0834 119.818 6 Station_hea_south
c -429.812 -395.078 83.9705 -394.901 -377.354 85.0925 -466.349 -413.627 82.7962 146.881 0
c -560.703 -461.587 79.7083 -510.509 -436.104 81.3774 -606.558 -484.867 78.1834 147.365 0
c -692.045 -528.27 75.3427 -652.063 -507.97 76.6614 -761.762 -563.667 73.0433 147.35 0
c -823.376 -594.964 71.362 -814.683 -590.54 71.362 -850.977 -609.011 71.362 68.9122 0
c -884.842 -625.795 71.3621 -862.29 -618.982 71.2126 -907.395 -632.609 71.5117 74.8674 8 freight_group
c -958.691 -635.845 72.2593 -933.698 -636.84 71.7409 -983.683 -634.85 72.7777 78.0728 0
c -1034.8 -619.823 74.4354 -1013.07 -627.508 73.2281 -1045.66 -615.982 75.0388 30.6289 0
c -1062.36 -606.909 77.3741 -1055.17 -611.117 76.436 -1067.47 -603.916 78.0415 31.3214 1 Station_riggs
c -1088.38 -589.762 80.4081 -1077.71 -597.316 79.8307 -1099.01 -582.233 80.9836 33.5659 0
c -1115.27 -569.735 81.6132 -1109.91 -574.354 81.3968 -1125.58 -560.863 82.0289 52.3677 0
c -1154.56 -535.453 86.3942 -1140.86 -547.185 84.8946 -1179.15 -514.391 89.0863 109.604 0
c -1236.62 -463.344 95.0663 -1214.27 -485.168 92.8563 -1258.97 -441.52 97.2763 53.2323 0
c -1268.81 -421.346 97.5337 -1260.27 -435.017 96.8653 -1277.35 -407.674 98.2021 44.4367 0
c -1287.86 -381.315 99.0768 -1283.02 -394.179 98.6501 -1292.71 -368.432 99.5042 38.5824 0
c -1297.88 -344.106 100.096 -1295.35 -355.113 99.926 -1300.41 -333.099 100.266 29.2968 0
c -1303.03 -315.272 100.096 -1301.47 -324.068 100.096 -1304.6 -306.453 100.096 24.3824 0
c -1307.26 -291.26 100.096 -1306.35 -297.333 100.096 -1308.17 -285.208 100.096 16.5282 8 trains_intersection1_app
c -1309.66 -274.907 100.096 -1308.98 -279.747 100.096 -1310.35 -270.047 100.096 12.8626 0
c -1311.38 -262.16 100.096 -1310.88 -266.094 100.096 -1311.88 -258.225 100.096 10.9374 0
c -1312.67 -251.299 100.096 -1312.21 -255.152 100.096 -1313.13 -247.446 100.096 12.3463 0
c -1314.14 -239.042 100.096 -1313.46 -243.208 100.096 -1314.81 -234.896 100.096 12.9464 0
c -1316.73 -226.363 100.096 -1315.59 -230.622 100.096 -1317.86 -222.124 100.096 13.4961 0
c -1320.95 -213.548 100.095 -1319.44 -217.742 100.096 -1322.47 -209.334 100.094 13.3281 0
c -1325.8 -201.138 100.095 -1323.94 -205.23 100.104 -1327.67 -197.029 100.085 13.7563 0
c -1332.16 -188.947 100.036 -1329.95 -192.711 100.036 -1334.37 -185.183 100.036 12.491 0
c -1339.08 -178.554 100.095 -1336.61 -181.991 100.095 -1341.55 -175.116 100.095 13.1089 0
c -1347.49 -168.509 100.036 -1344.09 -172.245 100.036 -1350.88 -164.783 100.036 17.1795 0
c -1359.44 -156.168 100.095 -1356.19 -159.587 100.088 -1362.7 -152.74 100.103 10.9581 0
c -1366.77 -148.024 100.081 -1364.77 -150.319 100.087 -1368.77 -145.73 100.076 13.8714 0
c -1375.64 -137.358 100.036 -1374.16 -139.266 100.036 -1380.38 -131.234 100.036 24.7661 8 trains_intersection1_app
c -1390.8 -117.777 100.095 -1384.8 -125.272 100.085 -1396.8 -110.283 100.105 32.8599 0
c -1411.66 -92.3878 100.095 -1403.56 -102.223 100.095 -1419.76 -82.5528 100.095 43.5823 0
c -1439.38 -58.7684 100.095 -1428.46 -73.3251 100.095 -1450.3 -44.2117 100.095 65.7443 0
c -1477.17 -5.04773 100.095 -1466.69 -24.0251 99.445 -1487.65 13.9297 100.745 65.3902 0
c -1502.26 55.0961 103.995 -1495.75 34.8678 103.392 -1508.77 75.3245 104.598 62.8813 0
c -1516.26 116.322 103.715 -1513.45 97.0246 103.801 -1519.07 135.62 103.629 54.7971 0
c -1514.38 170.883 103.478 -1516.88 152.947 103.548 -1511.89 188.8 103.408 54.9789 0
c -1501.4 224.134 103.297 -1509.26 204.78 104.103 -1493.54 243.489 102.491 72.3279 0
c -1466.54 287.009 100.015 -1483.23 268.229 100.944 -1449.86 305.78 99.0864 80.8627 0
c -1399.79 331.769 97.7234 -1421.6 320.979 98.3123 -1377.99 342.554 97.1347 73.244 0
c -1337.99 370.897 95.1121 -1356.72 359.249 95.7822 -1333.31 373.809 94.9446 17.0125 1 Station_wallace
c -1325.11 381.918 94.6696 -1329.04 377.571 94.7996 -1321.17 386.264 94.5396 18.193 8 freight_group
c -1314.2 396.446 94.3171 -1317.57 391.196 94.4246 -1307.46 406.947 94.1022 37.8436 0
c -1296.1 429.656 93.7028 -1301.67 418.725 93.9174 -1284.95 451.535 93.2733 76.7591 0
c -1271.12 502.122 92.5364 -1279.62 483.916 92.7455 -1262.62 520.328 92.3273 45.3566 0
c -1245.25 539.045 92.4483 -1254.99 529.188 92.448 -1235.51 548.902 92.4486 39.6481 0
c -1212.68 561.262 92.5383 -1224.65 555.751 92.484 -1200.71 566.773 92.5926 40.9152 0
c -1173.33 571.956 92.7742 -1187.01 569.945 92.6658 -1159.64 573.968 92.8826 42.8365 0
c -1130.57 573.331 93.1887 -1145.11 573.649 93.0358 -1127.83 573.271 93.2175 8.18714 0
c -1122.39 573.612 93.211 -1125.09 573.461 93.2065 -1119.69 573.763 93.2155 8.04542 0
c -1114.37 574.237 93.2159 -1117.05 573.936 93.216 -1111.69 574.537 93.2158 8.14736 0
c -1106.31 575.414 93.2107 -1108.96 574.912 93.2132 -1103.66 575.916 93.2082 8.06367 0
c -1098.46 577.246 93.2013 -1101.04 576.516 93.2044 -1095.89 577.973 93.1983 8.02564 0
c -1090.85 579.786 93.1923 -1093.34 578.821 93.1947 -1088.36 580.75 93.1899 8.01943 0
c -1083.52 583.032 93.187 -1085.91 581.839 93.1878 -1081.13 584.225 93.1862 8.0478 0
c -1076.49 586.943 93.1875 -1078.76 585.523 93.1886 -1074.23 588.357 93.1864 8.00194 0
c -1069.94 591.532 93.1804 -1072.03 589.868 93.1885 -1067.85 593.197 93.1723 8.05404 0
c -1063.97 596.932 93.1388 -1065.87 595.045 93.1565 -1062.06 598.828 93.1211 8.08476 0
c -1058.5 602.882 93.0742 -1060.25 600.837 93.098 -1056.75 604.926 93.0504 8.0767 0
c -1053.47 609.199 92.9961 -1055.08 607.057 93.0231 -1051.85 611.352 92.9689 8.04754 0
c -1048.82 615.766 92.9116 -1050.39 613.551 92.9399 -1047.25 617.994 92.8831 16.171 0
c -1040.28 629.496 92.8279 -1041.65 627.198 92.8364 -1038.9 631.808 92.8192 16.088 0
c -1032.02 643.301 92.7637 -1033.45 641.09 92.7708 -1030.6 645.5 92.7567 7.74225 0
-1027.63 649.675 92.7281 15.3897 0
c -1018.23 661.85 93.1381 -1021.44 658.018 92.9419 -1015.02 665.682 93.3342 14.6483 0
c -1008.39 672.664 93.8333 -1012.86 668.41 93.5966 -1004.46 676.405 94.0413 14.5994 0
c -997.573 682.444 94.3876 -1001.54 679.306 94.2015 -994.018 685.256 94.5543 17.6864 0
c -982.87 692.24 94.9739 -987.92 689.185 94.7947 -980.171 693.872 95.0697 9.45858 0
c -974.637 696.887 95.2416 -977.404 695.38 95.1556 -972.199 698.215 95.3174 8.33178 4
c -967.272 700.776 95.4627 -969.727 699.48 95.389 -961.862 703.633 95.6251 18.3611 4
c -950.923 709.119 95.9383 -956.373 706.338 95.7798 -946.125 711.567 96.0779 16.1643 4
c -936.468 716.34 96.377 -941.286 713.933 96.2308 -931.337 718.903 96.5327 17.2137 4
c -921.095 724.066 96.9155 -926.219 721.491 96.736 -915.317 726.97 97.1179 18.6196 4
c -904.587 732.649 97.6206 -909.63 730.045 97.4178 -898.99 735.539 97.8456 17.3652 0
c -889.143 740.567 98.2007 -894.535 737.787 98.0124 -883.75 743.347 98.389 19.0541 0
c -872.231 749.327 98.7505 -877.352 746.655 98.556 -867.11 752.0 98.945 15.6264 0
c -858.419 756.603 99.3677 -863.161 753.817 99.0621 -853.677 759.389 99.6733 17.4658 0
c -843.779 766.045 100.584 -848.329 763.007 100.185 -839.229 769.083 100.983 15.4613 0
c -831.121 774.832 101.761 -835.254 771.469 101.333 -826.988 778.194 102.189 16.7183 0
c -818.98 786.221 103.151 -822.743 782.142 102.714 -815.218 790.299 103.587 16.7846 0
c -808.545 799.301 104.38 -811.821 795.01 103.955 -805.269 803.592 104.805 15.7236 0
c -799.327 811.969 105.7 -802.309 807.694 105.257 -796.346 816.243 106.143 15.6659 0
c -790.656 824.947 107.036 -793.348 820.825 106.613 -787.964 829.069 107.458 13.9852 0
c -783.172 836.7 108.235 -785.741 832.773 107.852 -780.604 840.626 108.618 14.2634 0
c -775.246 848.507 109.333 -777.987 844.26 108.964 -772.506 852.753 109.702 16.146 0
c -766.73 862.179 110.446 -769.592 857.654 110.064 -763.868 866.704 110.828 16.0628 0
c -758.075 875.659 111.626 -760.784 871.458 111.278 -755.366 879.86 111.974 14.0021 0
c -750.474 887.383 112.532 -753.086 883.51 112.198 -747.862 891.256 112.866 14.113 0
c -742.403 898.9 113.63 -745.568 895.032 113.239 -739.238 902.768 114.021 16.0533 0
c -731.482 910.591 114.879 -735.354 906.694 114.471 -727.611 914.488 115.286 17.0184 0
c -719.174 922.282 116.074 -723.135 918.547 115.696 -715.213 926.017 116.452 15.7268 0
c -707.72 933.005 117.146 -711.67 929.218 116.772 -704.479 936.112 117.453 12.4481 0
c -698.708 941.545 117.998 -702.968 937.115 117.573 -697.776 942.514 118.091 30.3007 0
c -678.339 963.879 120.055 -687.148 953.621 119.131 -675.145 967.598 120.39 18.9075 0
c -666.212 978.327 121.349 -671.22 972.26 120.808 -661.004 984.636 121.912 32.739 0
c -645.572 1003.64 123.603 -653.746 993.545 122.706 -638.341 1012.57 124.397 36.8103 0
c -622.5 1032.21 126.14 -630.397 1022.41 125.271 -607.035 1051.4 127.842 63.8655 0
c -582.52 1081.82 130.528 -594.544 1066.91 129.23 -570.496 1096.73 131.826 51.3154 0
c -550.358 1121.66 133.93 -566.049 1102.58 132.398 -534.666 1140.74 135.462 97.2051 0
c -488.37 1196.31 139.72 -509.683 1170.04 137.669 -467.057 1222.58 141.771 106.157 0
c -422.476 1279.28 146.239 -439.056 1257.4 144.483 -405.896 1301.16 147.995 59.8027 32
c -386.605 1326.95 150.258 -396.38 1312.52 149.045 -376.824 1341.39 151.471 45.3121 0
c -363.807 1365.9 153.517 -371.241 1349.91 152.378 -356.373 1381.89 154.655 60.9701 0
c -344.288 1423.5 157.089 -349.987 1404.79 155.983 -338.592 1442.2 158.195 56.6333 0
c -329.622 1478.11 160.153 -334.228 1460.36 159.081 -325.013 1495.87 161.225 53.6544 0
c -316.642 1530.04 163.521 -322.559 1512.16 162.455 -310.724 1547.92 164.587 59.9608 0
c -294.117 1585.39 166.55 -304.665 1567.52 165.538 -283.568 1603.26 167.562 66.2223 0
c -253.351 1637.26 169.595 -269.649 1621.15 168.674 -237.044 1653.38 170.516 72.9743 0
c -196.306 1682.07 172.076 -223.626 1668.24 171.214 -181.883 1689.37 172.531 49.191 4
c -151.583 1702.47 173.566 -166.931 1696.15 173.064 -137.881 1708.11 174.015 44.8844 0
c -109.614 1718.32 174.765 -123.861 1713.38 174.44 -99.4933 1721.83 174.996 32.9789 0
c -78.5148 1729.28 175.322 -89.0672 1725.65 175.17 -67.9435 1732.92 175.474 33.4641 0
c -46.5481 1739.14 175.74 -57.2561 1736.37 175.601 -36.0155 1741.86 175.876 32.0101 0
c -15.0916 1744.85 176.21 -25.475 1743.93 176.023 -0.919137 1746.1 176.466 48.6497 0
c 33.5109 1744.33 176.928 17.8505 1745.21 176.465 49.1713 1743.45 177.391 45.631 0
c 78.8707 1739.58 178.106 67.9124 1740.81 177.721 89.829 1738.35 178.491 20.5939 4
c 99.2605 1736.94 179.24 91.271 1738.02 178.718 107.25 1735.86 179.762 27.8931 4
c 126.808 1733.1 181.239 111.807 1734.66 180.55 134.593 1732.29 181.597 31.2782 4
c 157.835 1729.49 182.845 147.425 1730.55 182.246 168.245 1728.43 183.444 31.625 0
c 189.269 1726.75 184.834 179.166 1726.99 184.238 199.372 1726.51 185.43 29.3276 0
c 218.454 1728.02 186.424 209.199 1726.07 186.142 227.711 1729.98 186.707 28.4393 0
244.806 1738.49 186.531 37.8721 0
278.465 1755.85 186.531 30.0609 0
c 306.108 1767.64 186.778 295.996 1763.88 186.75 316.224 1771.41 186.806 34.7916 0
c 339.148 1778.44 186.698 325.422 1775.22 186.712 352.872 1781.65 186.684 50.0751 0
c 388.46 1786.93 186.693 372.185 1785.48 186.682 396.526 1787.65 186.698 26.028 0
c 414.466 1787.72 186.767 405.826 1787.8 186.732 423.259 1787.64 186.802 18.9973 0
c 433.456 1787.3 186.851 427.86 1787.65 186.839 439.051 1786.95 186.863 14.6882 0
c 448.04 1785.61 186.836 443.546 1786.34 186.84 452.537 1784.87 186.832 12.6852 0
c 460.429 1782.9 186.825 457.116 1783.7 186.829 463.739 1782.11 186.821 7.75743 0
c 467.909 1780.85 186.809 465.082 1781.7 186.817 470.738 1779.99 186.801 9.97264 0
c 477.396 1777.78 186.778 474.269 1778.92 186.788 480.52 1776.65 186.769 9.99097 0
c 486.663 1774.05 186.752 483.769 1775.3 186.758 489.556 1772.8 186.747 8.92407 0
c 494.755 1770.29 186.746 491.903 1771.71 186.745 497.603 1768.88 186.747 10.1861 0
c 503.764 1765.54 186.754 500.568 1767.37 186.749 506.956 1763.72 186.758 11.9079 0
c 513.921 1759.33 186.773 510.15 1761.86 186.759 517.687 1756.81 186.786 15.3395 0
c 526.376 1750.38 186.835 522.082 1753.65 186.808 530.67 1747.11 186.863 17.0576 0
c 539.683 1739.71 186.939 534.635 1743.78 186.917 544.726 1735.65 186.961 21.8202 0
c 556.65 1725.99 186.968 550.611 1730.9 186.978 562.684 1721.09 186.959 24.8709 8 trains_rob3
c 575.902 1710.26 186.882 569.116 1716.64 186.931 582.683 1703.89 186.833 31.1588 0
c 597.352 1687.73 186.675 591.635 1695.74 186.731 603.074 1679.71 186.619 28.6606 0
c 610.22 1662.17 186.543 605.677 1670.31 186.57 614.759 1654.04 186.517 27.373 8 trains_rob3
c 624.598 1638.93 186.517 618.822 1645.87 186.448 630.374 1631.99 186.586 27.4398 0
c 644.875 1620.53 186.957 637.745 1626.06 186.788 652.005 1615.0 187.127 26.951 0
c 667.379 1605.76 187.533 659.255 1610.28 187.325 675.502 1601.24 187.74 29.0212 0
c 693.613 1593.43 188.201 684.528 1596.83 187.899 702.702 1590.02 188.503 29.4956 0
c 721.902 1585.32 189.347 712.071 1587.01 188.966 731.73 1583.64 189.727 30.8341 0
c 752.59 1583.31 190.486 742.966 1582.8 190.116 762.213 1583.82 190.855 27.6542 0
c 779.642 1588.4 191.563 770.191 1585.04 191.29 788.572 1591.57 191.821 26.8731 0
c 803.776 1600.1 192.093 797.295 1596.1 192.05 810.256 1604.1 192.137 19.2722 32
819.483 1611.25 191.824 16.6165 32
c 832.299 1621.82 191.706 824.99 1615.71 191.726 839.609 1627.92 191.687 40.5193 32
c 863.341 1647.86 191.709 852.994 1639.18 191.718 879.569 1661.47 191.695 56.9855 32
c 906.994 1684.49 191.703 895.627 1674.88 191.704 918.25 1694.01 191.702 30.7505 32
c 931.065 1703.61 191.7 923.509 1698.2 191.7 944.19 1713.01 191.7 30.5703 32
c 957.39 1718.98 191.703 953.233 1717.66 191.702 961.145 1720.18 191.704 12.0176 32
968.896 1722.45 191.71 322.498 32
c 1277.21 1817.04 191.7 1174.44 1785.51 191.703 1302.81 1824.89 191.699 80.7738 32
c 1354.37 1840.94 191.305 1328.21 1832.87 191.817 1362.15 1843.34 191.153 23.582 0
c 1377.28 1846.43 190.898 1369.82 1844.88 190.997 1384.75 1847.98 190.799 23.4958 0
c 1400.62 1849.05 190.811 1387.95 1847.57 190.779 1413.29 1850.54 190.843 52.8309 0
c 1453.33 1852.3 190.677 1434.17 1852.08 190.659 1472.49 1852.52 190.695 62.3112 0
c 1515.6 1850.33 190.922 1495.98 1851.31 190.922 1535.23 1849.35 190.922 55.6438 0
c 1571.1 1846.4 191.257 1555.39 1847.83 191.257 1586.81 1844.97 191.257 39.0238 32
c 1609.86 1841.9 191.488 1598.6 1843.3 191.488 1621.13 1840.5 191.488 29.0847 32
c 1638.68 1837.99 191.591 1628.65 1839.38 191.591 1648.72 1836.6 191.591 31.701 32
c 1670.07 1833.56 191.609 1656.56 1835.43 191.609 1683.58 1831.69 191.609 50.1555 32
c 1719.75 1826.78 191.118 1704.45 1829.89 191.265 1735.06 1823.67 190.971 43.8468 0
c 1761.92 1814.9 190.788 1744.06 1820.84 190.949 1779.77 1808.96 190.628 69.156 0
c 1826.86 1791.16 190.769 1805.77 1797.59 190.661 1847.96 1784.72 190.877 63.4477 0
c 1888.49 1776.29 190.984 1871.41 1778.87 190.862 1905.56 1773.71 191.106 40.9484 0
c 1929.31 1775.68 191.099 1916.53 1774.5 191.099 1942.08 1776.86 191.099 36.7366 0
c 1965.14 1783.36 191.265 1952.62 1779.12 191.265 1968.98 1784.66 191.265 12.9904 0
c 1977.25 1788.04 191.214 1973.08 1786.27 191.244 1986.69 1792.06 191.148 30.1182 4
c 2004.4 1801.07 191.039 1996.49 1796.95 191.039 2015.81 1807.01 191.039 34.8353 4
c 2033.58 1820.04 190.95 2022.41 1812.36 190.976 2044.75 1827.72 190.924 46.5391 0
c 2071.42 1847.13 190.881 2059.21 1838.18 190.806 2083.63 1856.08 190.956 44.33 0
c 2106.86 1873.74 191.399 2095.55 1865.54 192.012 2118.17 1881.94 190.786 44.0567 4
c 2142.85 1899.02 188.98 2128.19 1889.63 189.865 2157.51 1908.42 188.095 60.6856 4
c 2194.82 1930.1 186.093 2175.17 1921.09 187.245 2214.48 1939.12 184.941 69.754 0
c 2260.23 1953.54 182.067 2240.83 1942.05 183.239 2279.63 1965.03 180.895 68.6304 8 freight_group
c 2311.24 1999.02 179.062 2296.66 1983.78 179.885 2323.14 2011.45 178.391 48.3283 4
c 2340.82 2037.16 177.492 2331.12 2025.15 177.998 2343.01 2039.87 177.378 10.4469 4
c 2347.71 2045.0 177.128 2345.28 2042.49 177.258 2360.89 2058.61 176.421 55.7196 0
c 2390.33 2080.71 174.82 2375.11 2069.5 175.661 2405.55 2091.92 173.979 58.0819 0
c 2439.0 2112.26 172.08 2422.75 2102.06 173.059 2455.25 2122.46 171.101 57.2257 0
c 2487.86 2141.88 168.945 2470.16 2130.58 170.071 2505.56 2153.18 167.82 68.9839 0
c 2545.2 2180.04 165.327 2526.33 2168.91 166.58 2564.07 2191.17 164.074 62.9367 0
c 2601.06 2208.64 161.428 2581.92 2200.89 162.478 2620.2 2216.39 160.378 61.8037 0
c 2660.06 2226.53 159.029 2640.75 2222.97 159.38 2679.37 2230.09 158.678 57.0859 0
c 2716.9 2230.03 159.324 2698.71 2231.08 159.33 2735.08 2228.98 159.318 53.4612 0
c 2769.17 2220.22 159.178 2752.43 2227.3 159.218 2785.91 2213.14 159.137 58.5521 0
c 2817.35 2187.57 159.082 2803.71 2201.4 159.156 2830.99 2173.74 159.007 60.6913 0
c 2850.99 2137.25 159.255 2840.48 2154.71 159.226 2861.5 2119.79 159.284 61.92 0
c 2880.4 2082.8 157.655 2872.82 2096.36 158.498 2887.98 2069.24 156.812 31.5631 0
c 2896.46 2055.87 154.196 2890.6 2065.61 155.638 2902.31 2046.13 152.755 37.2043 0
c 2915.52 2024.37 148.882 2908.38 2035.25 150.939 2922.65 2013.5 146.827 41.8828 0
c 2939.25 1990.61 141.859 2931.74 1999.45 143.923 2946.75 1981.78 139.797 29.2448 0
c 2960.55 1971.38 136.502 2953.22 1977.52 138.18 2967.88 1965.24 134.825 29.1316 0
c 2983.25 1953.76 131.796 2974.4 1959.83 133.594 2992.11 1947.68 129.995 36.3507 0
c 3013.68 1934.93 125.705 3001.18 1944.93 128.316 3026.18 1924.94 123.094 61.4087 0
c 3058.23 1893.82 116.129 3046.31 1906.51 118.863 3070.15 1881.13 113.395 44.8213 0
c 3085.19 1858.78 109.298 3077.25 1871.62 111.516 3093.12 1845.95 107.082 47.2712 0
c 3105.84 1816.82 102.826 3099.37 1832.88 105.28 3112.32 1800.75 100.371 58.0158 0
c 3124.06 1762.39 94.5701 3118.79 1781.18 97.4712 3129.34 1743.6 91.6685 60.5476 0
c 3137.49 1704.08 85.4178 3134.02 1721.77 88.2132 3140.95 1686.39 82.6227 49.0048 0
c 3144.87 1656.27 77.7987 3143.99 1670.14 79.9871 3145.75 1642.41 75.6118 35.9261 0
c 3142.74 1620.9 72.2919 3144.21 1632.49 74.1803 3141.27 1609.31 70.4035 35.3132 0
c 3136.07 1586.75 66.4685 3139.13 1597.29 68.334 3133.0 1576.21 64.6026 31.8608 0
c 3124.36 1557.69 61.0975 3129.44 1566.59 62.7696 3119.28 1548.78 59.424 31.2218 0
c 3105.58 1533.31 56.4318 3113.2 1540.92 57.7816 3097.96 1525.69 55.0811 34.5547 0
c 3078.65 1512.02 52.9962 3086.84 1517.37 53.8871 3070.46 1506.67 52.1054 24.838 0
c 3056.41 1501.2 51.0868 3062.19 1504.37 51.6306 3050.64 1498.03 50.5437 14.9353 0
c 3044.02 1493.02 49.7356 3048.18 1496.41 50.1459 3039.86 1489.63 49.3253 15.7303 0
c 3032.64 1482.22 48.7368 3036.53 1486.24 49.1288 3028.76 1478.22 48.3458 16.4942 8 trains_intersection1_ann
c 3022.83 1469.05 47.5451 3025.44 1473.14 47.9134 3020.22 1464.96 47.1768 14.604 0
c 3015.81 1456.31 46.4926 3017.87 1461.19 46.7926 3013.75 1451.42 46.1921 17.4414 0
c 3010.48 1439.73 45.7436 3012.26 1445.68 46.022 3008.69 1433.78 45.465 19.9105 0
c 3005.08 1420.59 44.8218 3007.4 1427.83 45.2286 3002.76 1413.34 44.4145 25.8118 0
c 2996.58 1396.27 43.3012 2999.6 1404.03 43.6135 2993.56 1388.52 42.9893 24.2304 0
c 2986.95 1374.05 42.9492 2990.01 1382.71 43.0092 2983.89 1365.39 42.8892 31.0096 0
c 2978.22 1344.3 42.9411 2980.36 1351.68 42.9359 2976.08 1336.92 42.9464 15.1249 1 Station_anns
c 2974.09 1329.75 42.9728 2975.39 1334.41 42.9602 2972.79 1325.1 42.9853 13.8525 0
c 2970.43 1316.39 43.0165 2971.71 1320.81 43.0045 2969.15 1311.98 43.0284 13.7283 0
c 2966.4 1303.27 43.0446 2968.06 1307.83 43.0356 2964.74 1298.71 43.0536 15.4302 0
c 2960.47 1289.03 43.0706 2962.78 1293.99 43.0644 2958.16 1284.07 43.0767 17.3298 0
c 2952.65 1273.58 43.0815 2955.61 1278.23 43.0727 2949.68 1268.93 43.0903 15.9686 0
c 2942.7 1261.12 43.1234 2945.97 1264.59 43.0707 2939.42 1257.65 43.1762 12.8361 0
c 2932.99 1252.75 43.398 2936.4 1255.49 43.2916 2929.58 1250.01 43.5043 13.4648 0
c 2922.22 1244.68 43.7614 2926.02 1247.76 43.6682 2918.42 1241.61 43.8544 15.8759 0
c 2910.15 1234.37 43.9568 2913.96 1237.56 43.8876 2906.34 1231.19 44.026 13.9197 0
c 2899.35 1225.59 44.0277 2903.22 1228.93 44.0075 2895.48 1222.25 44.0479 16.7898 0
c 2886.91 1214.32 44.078 2890.96 1218.35 44.0532 2882.86 1210.29 44.1028 19.8569 0
c 2873.65 1199.61 44.2112 2879.19 1207.63 44.1017 2868.14 1191.65 44.3199 38.9718 8 trains_intersection1_ann
c 2852.43 1166.96 45.015 2859.09 1179.4 44.8519 2845.77 1154.52 45.1781 43.8589 0
c 2835.08 1126.77 45.1553 2839.68 1142.29 45.0492 2830.47 1111.25 45.2614 54.0237 0
c 2824.82 1073.85 45.6515 2826.19 1093.97 45.378 2823.45 1053.73 45.925 67.8864 0
c 2826.85 1006.07 46.7964 2824.91 1025.11 46.4729 2828.79 987.027 47.1199 47.5184 0
c 2836.44 959.594 47.5926 2832.8 974.197 47.3047 2840.09 944.971 47.8809 43.0362 0
c 2848.73 918.394 48.5248 2843.66 931.243 48.2855 2853.8 905.546 48.7641 40.2421 0
c 2866.87 882.503 49.0284 2860.92 894.215 48.9023 2872.81 870.807 49.1544 38.5571 0
c 2884.4 848.171 49.2809 2879.14 860.05 49.1705 2889.65 836.31 49.3912 39.4777 0
c 2898.39 811.282 49.6903 2894.78 823.135 49.5238 2902.0 799.429 49.8568 35.1173 0
c 2906.07 777.053 50.2804 2904.14 789.419 49.9617 2908.0 764.687 50.5991 40.2033 0
c 2909.95 737.088 51.6025 2909.67 750.232 51.0316 2910.24 723.943 52.1734 39.0624 0
c 2907.78 698.183 53.7058 2909.52 711.025 53.031 2906.04 685.341 54.3806 39.1018 0
c 2899.53 660.034 55.6511 2902.71 672.664 55.1464 2896.35 647.404 56.1558 39.1742 8 freight_group
c 2888.71 622.404 56.7339 2892.47 634.924 56.5035 2884.96 609.903 56.964 39.2309 0
c 2876.99 584.972 57.0325 2881.4 597.242 57.0027 2872.58 572.701 57.0623 39.0825 0
c 2862.26 548.78 56.9126 2867.48 560.726 56.9864 2857.04 536.834 56.8389 39.1801 0
c 2845.66 513.295 56.5901 2851.41 525.116 56.7198 2839.91 501.474 56.4604 39.7046 0
c 2827.77 477.853 56.1345 2832.78 487.614 56.2692 2822.76 468.092 55.9998 26.1289 0
c 2815.61 454.729 55.7821 2818.68 460.533 55.8728 2812.55 448.93 55.6915 17.6823 4
c 2807.26 439.142 55.5906 2811.4 446.814 55.7245 2803.12 431.47 55.4567 34.6375 4
c 2790.76 408.695 54.9788 2796.97 420.145 55.1936 2784.54 397.23 54.7637 39.1561 0
c 2772.06 374.3 54.3009 2778.13 385.823 54.5388 2765.98 362.761 54.0626 39.1125 0
c 2754.3 339.509 53.5502 2760.41 355.249 53.8265 2748.19 323.769 53.2739 62.6333 0
c 2735.41 279.862 52.6431 2739.75 300.097 52.922 2731.07 259.627 52.3643 62.261 0
c 2728.26 218.098 51.8774 2729.01 238.812 52.2265 2727.52 197.385 51.5284 62.8021 0
c 2730.96 155.58 50.5487 2726.12 175.376 51.16 2735.8 135.784 49.9374 62.3121 0
c 2757.29 99.3218 48.2094 2748.71 118.162 48.9715 2765.87 80.4813 47.4472 62.2835 0
c 2782.44 42.5373 45.9758 2777.69 62.4251 46.5835 2787.19 22.6495 45.3681 62.8891 0
c 2785.79 -20.0051 44.5633 2787.27 0.575703 45.0569 2784.31 -40.5859 44.0698 62.2692 0
c 2773.55 -80.9475 43.0145 2778.68 -60.9135 43.4935 2768.42 -100.982 42.5354 62.1194 0
c 2755.01 -140.209 41.6888 2761.16 -120.352 42.0165 2748.86 -160.066 41.3611 62.6415 0
c 2736.64 -200.09 41.0483 2743.22 -180.337 41.0869 2730.06 -219.843 41.0098 62.3232 0
c 2715.54 -258.727 41.4574 2722.84 -239.203 41.2362 2711.32 -270.009 41.5852 36.2609 0
c 2702.41 -292.525 41.8018 2706.19 -282.76 41.6841 2698.64 -302.271 41.9192 26.5056 0
c 2692.89 -317.261 42.013 2696.28 -308.385 41.9129 2689.49 -326.156 42.1133 30.5695 0
c 2682.04 -345.838 42.2767 2685.53 -336.034 42.2101 2678.55 -355.641 42.3432 31.8876 0
c 2671.94 -376.081 42.4123 2674.99 -366.183 42.3582 2668.89 -385.979 42.4664 30.2848 0
c 2663.76 -405.225 42.6012 2665.78 -395.297 42.5756 2661.73 -415.174 42.6268 30.8123 0
c 2659.79 -435.711 42.5659 2659.81 -422.971 42.6563 2659.77 -448.451 42.4755 46.1373 8 trains3
c 2663.64 -481.668 42.059 2662.38 -466.409 42.1673 2664.89 -496.926 41.9508 45.7712 0
c 2667.32 -527.261 41.7703 2667.6 -512.485 41.7945 2667.04 -542.037 41.7461 43.4263 0
c 2661.96 -570.323 41.7703 2663.62 -556.255 41.7703 2660.29 -584.401 41.7703 41.6571 0
c 2657.31 -611.696 41.8462 2657.58 -598.134 41.8446 2657.04 -625.258 41.8478 40.1737 0
c 2660.35 -651.698 41.7798 2658.18 -638.44 41.784 2662.52 -664.955 41.7756 40.8743 0
c 2670.32 -691.24 41.821 2664.65 -677.112 41.861 2676.0 -705.386 41.7809 51.2983 0
c 2696.12 -735.509 41.5395 2688.14 -719.814 41.5836 2704.1 -751.205 41.4953 54.3852 0
c 2719.94 -784.398 41.5562 2712.02 -767.592 41.4976 2727.86 -801.204 41.6148 57.3511 0
c 2741.89 -837.359 41.8914 2732.99 -819.394 41.773 2750.8 -855.341 42.0099 63.3255 0
c 2771.63 -893.249 42.2667 2760.62 -874.576 42.059 2782.64 -911.921 42.4744 94.9726 0
c 2822.97 -973.139 43.0813 2811.7 -954.943 42.8831 2834.23 -991.33 43.2795 33.5132 0
c 2839.23 -1002.41 43.4561 2833.71 -991.186 43.2744 2844.75 -1013.63 43.6378 41.6563 0
c 2856.1 -1040.48 44.2279 2851.29 -1028.49 43.978 2860.91 -1052.47 44.4779 35.9672 0
c 2868.08 -1074.38 44.9559 2864.56 -1064.2 44.8219 2871.6 -1084.55 45.0897 28.6437 0
c 2877.23 -1101.52 45.2703 2874.37 -1092.49 45.249 2880.1 -1110.56 45.2916 28.2405 0
c 2885.27 -1128.59 45.2368 2882.84 -1119.76 45.2436 2887.69 -1137.41 45.23 26.7091 8 spanser_train
c 2891.78 -1154.49 45.2296 2890.09 -1146.59 45.2366 2893.47 -1162.39 45.2226 21.8245 0
c 2895.43 -1176.0 45.1947 2894.48 -1168.59 45.2128 2895.73 -1178.34 45.189 7.56187 0
c 2896.22 -1183.52 45.1726 2895.98 -1180.91 45.1811 2896.38 -1185.25 45.167 7.8761 0
c 2896.86 -1191.37 45.1461 2896.63 -1188.49 45.1556 2897.09 -1194.24 45.1367 9.41918 0
c 2897.6 -1200.76 45.1159 2897.33 -1197.49 45.1245 2897.87 -1204.03 45.1073 10.2786 0
c 2898.49 -1211.0 45.0947 2898.16 -1207.03 45.1021 2898.86 -1215.48 45.0864 14.8585 0
c 2899.68 -1225.81 45.0718 2899.5 -1222.09 45.0745 2899.85 -1229.53 45.0691 7.50744 0
c 2899.54 -1233.31 45.0786 2899.7 -1230.88 45.0769 2899.39 -1235.74 45.0803 7.11822 0
c 2898.75 -1240.38 45.082 2899.24 -1237.51 45.0861 2898.25 -1243.25 45.0779 10.3872 0
c 2896.56 -1250.53 45.0537 2897.47 -1247.19 45.0547 2895.65 -1253.87 45.0527 10.4333 0
c 2893.28 -1260.43 45.0761 2894.45 -1257.35 45.0606 2892.1 -1263.52 45.0917 9.38062 0
c 2889.52 -1269.02 45.147 2890.95 -1266.1 45.1373 2888.1 -1271.93 45.1566 10.1252 0
c 2884.7 -1277.92 45.1341 2886.46 -1275.05 45.1375 2882.94 -1280.8 45.1307 10.1423 0
c 2878.95 -1286.27 45.1267 2881.05 -1283.48 45.1343 2876.85 -1289.06 45.1191 10.8352 0
c 2872.12 -1294.68 45.0885 2874.99 -1291.21 45.0998 2869.25 -1298.15 45.0772 16.1907 0
c 2861.71 -1307.08 45.0586 2863.79 -1304.48 45.0506 2859.63 -1309.68 45.0666 10.0016 0
c 2855.28 -1314.74 45.1157 2857.43 -1312.19 45.0966 2853.14 -1317.29 45.1347 10.0012 8 trains_nb1
c 2848.85 -1322.4 45.1729 2851.0 -1319.85 45.1632 2846.71 -1324.95 45.1826 9.99474 0
c 2842.43 -1330.06 45.1738 2844.57 -1327.51 45.1741 2840.28 -1332.61 45.1735 10.0009 8 trains_nb2
c 2836.0 -1337.72 45.1708 2838.14 -1335.17 45.1671 2833.86 -1340.27 45.1745 10.001 0
c 2829.57 -1345.38 45.196 2831.71 -1342.83 45.1861 2827.43 -1347.93 45.2058 10.0012 0
c 2823.14 -1353.04 45.2301 2825.29 -1350.49 45.2214 2821.0 -1355.59 45.2387 9.9945 0
c 2816.72 -1360.7 45.248 2818.86 -1358.15 45.2439 2815.68 -1361.94 45.25 4.84751 0
c 2813.6 -1364.41 45.2523 2814.64 -1363.17 45.2513 2812.5 -1365.73 45.2533 5.15351 0
c 2810.29 -1368.36 45.2547 2811.39 -1367.04 45.254 2808.15 -1370.92 45.2561 10.001 4
c 2803.86 -1376.02 45.256 2806.0 -1373.47 45.2569 2801.72 -1378.58 45.2551 10.0012 4
c 2797.43 -1383.68 45.2492 2799.57 -1381.13 45.2524 2796.3 -1385.03 45.2475 5.29551 4
c 2794.03 -1387.74 45.2442 2795.16 -1386.39 45.2462 2793.02 -1388.94 45.2425 4.70542 4
c 2791.0 -1391.34 45.2367 2792.01 -1390.14 45.2401 2788.85 -1393.9 45.2294 9.99463 0
c 2784.58 -1399.0 45.2056 2786.72 -1396.45 45.2158 2782.43 -1401.56 45.1954 10.0012 0
c 2778.15 -1406.66 45.1755 2780.29 -1404.11 45.1831 2776.01 -1409.22 45.1679 10.0009 0
c 2771.72 -1414.32 45.1599 2773.86 -1411.77 45.1651 2769.58 -1416.88 45.1547 9.59613 0
c 2765.4 -1421.54 45.1026 2767.54 -1418.99 45.1052 2763.25 -1424.1 45.0999 10.2467 8 trains_nb2
c 2758.85 -1429.42 45.1027 2760.99 -1426.87 45.1026 2756.7 -1431.98 45.1028 10.3176 0
c 2752.25 -1437.35 45.0192 2754.46 -1434.7 45.0192 2750.04 -1440.01 45.0192 10.4443 1 Station_NB
c 2745.56 -1445.37 44.9348 2747.12 -1443.5 44.9347 2743.99 -1447.25 44.9349 4.2175 0
c 2742.86 -1448.61 44.9352 2743.76 -1447.53 44.937 2741.95 -1449.69 44.9334 4.25352 0
c 2740.13 -1451.87 44.9329 2741.21 -1450.73 44.9369 2739.05 -1453.01 44.9289 5.19423 0
c 2736.39 -1455.47 44.9329 2737.71 -1454.38 44.9355 2735.07 -1456.56 44.9303 5.11371 0
c 2732.2 -1458.39 44.9352 2733.85 -1457.44 44.9346 2730.55 -1459.34 44.9358 6.344 0
c 2726.49 -1461.15 44.9351 2728.27 -1460.31 44.9335 2724.71 -1462.0 44.9368 5.47573 0
c 2721.53 -1463.47 44.9351 2723.84 -1462.39 44.9339 2719.22 -1464.54 44.9363 9.8423 0
c 2712.61 -1467.63 44.9353 2715.71 -1466.19 44.9352 2709.51 -1469.07 44.9354 10.9475 0
c 2702.69 -1472.26 44.9351 2705.68 -1470.86 44.935 2699.7 -1473.65 44.9352 9.85137 0
c 2693.76 -1476.42 44.9352 2696.24 -1475.26 44.9348 2691.28 -1477.58 44.9356 6.57683 0
c 2687.8 -1479.2 44.9353 2689.6 -1478.43 44.9355 2686.01 -1479.96 44.9352 5.1291 0
c 2683.0 -1481.0 44.9353 2684.47 -1480.56 44.9353 2681.54 -1481.44 44.9353 4.08465 0
c 2679.01 -1481.84 44.9352 2680.53 -1481.68 44.9352 2677.48 -1482.0 44.9352 5.15368 0
c 2673.86 -1481.98 44.9352 2675.41 -1481.95 44.9353 2672.31 -1482.01 44.9351 6.24009 0
2667.62 -1482.0 44.9352 6.24031 0
2661.38 -1482.03 44.9316 7.27981 0
2654.1 -1482.05 44.9315 9.35018 0
2644.75 -1482.09 44.9316 10.5908 0
2634.16 -1482.19 45.0042 10.0011 0
2624.16 -1482.19 45.1534 3.68506 0
2620.47 -1482.19 45.1517 12.5414 4
2607.93 -1482.19 45.2064 3.77384 4
2604.16 -1482.19 45.2412 7.80982 0
2596.35 -1482.19 45.2457 7.81009 0
2588.54 -1482.19 45.2241 8.66017 8 freight_nb1_inter
2579.88 -1482.19 45.241 10.0 0
2569.88 -1482.19 45.2407 10.0 0
c 2559.88 -1482.19 45.2523 2563.21 -1482.19 45.2524 2556.55 -1482.19 45.2522 10.001 0
c 2549.88 -1482.19 45.1263 2553.21 -1482.19 45.1264 2546.55 -1482.19 45.1262 10.0 0
c 2539.88 -1482.19 45.1259 2543.21 -1482.19 45.126 2536.55 -1482.19 45.1258 10.0 0
c 2529.88 -1482.19 45.1254 2533.11 -1482.19 45.1255 2526.64 -1482.19 45.1253 9.41992 0
c 2520.46 -1482.19 45.1254 2523.33 -1482.19 45.1254 2517.6 -1482.19 45.1254 4.83105 8 braithwaites2_track_config
c 2515.63 -1482.15 45.1179 2518.23 -1482.15 45.1179 2513.03 -1482.15 45.1179 10.7493 0
c 2504.88 -1482.19 45.1254 2507.33 -1482.19 45.123 2502.43 -1482.19 45.1278 6.91505 0
c 2497.96 -1482.19 45.1373 2499.88 -1482.19 45.133 2496.04 -1482.19 45.1415 4.60506 0
